-0.0442265
-0.0145638
0.0188362
0.0357319
0.0279182
-0.000773034
-0.0330242
-0.0383023
-0.0145699
0.0241032
0.0475393
0.0259484
-0.00639205
-0.0333032
-0.0404583
-0.0153824
0.025121
0.0389445
0.0297959
0.00355642
-0.0317194
-0.0561956
-0.0327084
0.0205993
0.0701782
0.0670725
-0.00392616
-0.0630381
-0.0759145
-0.0329838
0.050549
0.0812879
0.0684563
0.024344
-0.0540264
-0.1849
-0.170899
0.0981882
0.338281
0.290699
-0.277838
-0.597744
-0.154556
0.431696
0.615997
-0.0716614
-0.564322
-0.295357
0.13626
0.33186
0.0930751
0.00312228
-0.071145
-0.167165
-0.191609
0.0796262
0.276473
0.118839
-0.0872522
-0.164032
-0.0619925
-0.0284358
0.06654
0.135706
0.0981969
-0.120489
-0.139378
-0.0334024
0.04148
0.0473512
0.0643316
0.0531603
-0.0479727
-0.0980911
-0.046242
0.0685033
0.046971
0.0342522
0.0184735
-0.0170902
-0.094015
-0.039225
0.0334913
0.0557867
0.02586
0.00845621
-0.0199097
-0.0562319
-0.0394254
0.027423
0.0770529
0.0235532
-0.0101661
-0.0290926
-0.0360816
-0.0318554
0.0264601
0.0459684
0.0253353
-0.0142589
