-4.00  -2.74  -7.18  -2.05  -51.22
-3.90  -2.65  -7.07  -1.98  -59.92
-3.80  -2.62  -6.64  -1.97  -40.64
-3.70  -2.54  -6.54  -1.91  -38.22
-3.60  -2.50  -6.15  -1.89  -31.81
-3.50  -2.43  -6.02  -1.83  -29.91
-3.40  -2.39  -5.65  -1.82  -21.92
-3.30  -2.31  -5.51  -1.75  -22.95
-3.20  -2.27  -5.26  -1.72  -18.48
-3.10  -2.21  -4.97  -1.69  -16.00
-3.00  -2.14  -4.82  -1.63  -15.30
-2.90  -2.08  -4.62  -1.59  -13.89
-2.80  -2.03  -4.36  -1.56  -11.53
-2.70  -1.96  -4.17  -1.51  -10.40
-2.60  -1.90  -3.97  -1.47  -9.91
-2.50  -1.84  -3.77  -1.42  -8.29
-2.40  -1.77  -3.57  -1.38  -7.56
-2.30  -1.70  -3.43  -1.32  -14.27
-2.20  -1.66  -3.16  -1.30  -12.74
-2.10  -1.59  -2.96  -1.26  -6.80
-2.00  -1.52  -2.79  -1.21  -5.52
-1.90  -1.46  -2.62  -1.16  -4.78
-1.80  -1.39  -2.45  -1.10  -4.20
-1.70  -1.32  -2.29  -1.05  -3.64
-1.60  -1.24  -2.15  -0.99  -3.84
-1.50  -1.17  -1.99  -0.93  -3.68
-1.40  -1.10  -1.84  -0.87  -2.86
-1.30  -1.02  -1.69  -0.81  -2.44
-1.20  -0.94  -1.55  -0.75  -2.26
-1.10  -0.87  -1.41  -0.68  -2.02
-1.00  -0.79  -1.28  -0.62  -1.73
-0.90  -0.71  -1.14  -0.55  -1.48
-0.80  -0.63  -1.01  -0.48  -1.27
-0.70  -0.55  -0.88  -0.42  -1.10
-0.60  -0.45  -0.78  -0.32  -0.98
-0.50  -0.36  -0.67  -0.23  -0.86
-0.40  -0.26  -0.56  -0.14  -0.73
-0.30  -0.17  -0.44  -0.05  -0.60
-0.20  -0.12  -0.38  -0.00  -0.52
-0.10  0.07  -0.28  0.23  -0.48
0.00  0.17  -0.17  0.33  -0.33
0.10  0.29  -0.08  0.50  -0.25
0.20  0.38  0.12  0.53  0.00
0.30  0.46  0.17  0.63  0.04
0.40  0.58  0.24  0.78  0.10
0.50  0.71  0.32  0.96  0.16
0.60  0.84  0.40  1.16  0.23
0.70  0.99  0.48  1.38  0.30
0.80  1.14  0.55  1.65  0.36
0.90  1.30  0.63  2.02  0.42
1.00  1.46  0.70  3.30  0.48
1.10  1.62  0.77  3.17  0.54
1.20  1.79  0.85  6.54  0.60
1.30  1.93  0.93  3.82  0.67
1.40  2.11  0.99  4.76  0.72
1.50  2.27  1.07  6.99  0.78
1.60  2.46  1.13  8.45  0.83
1.70  2.62  1.20  5.98  0.89
1.80  2.81  1.27  7.67  0.94
1.90  2.95  1.35  7.98  1.01
2.00  3.07  1.44  9.00  1.09
2.10  3.23  1.52  11.14  1.15
2.20  3.34  1.61  24.86  1.23
2.30  3.41  1.70  11.39  1.32
2.40  3.58  1.77  7.84  1.38
2.50  3.76  1.84  8.55  1.42
2.60  3.96  1.90  9.29  1.47
2.70  4.17  1.96  11.02  1.52
2.80  4.37  2.03  11.38  1.56
2.90  4.65  2.07  14.46  1.58
3.00  4.76  2.15  14.29  1.65
3.10  4.97  2.21  14.90  1.70
3.20  5.34  2.25  21.58  1.71
3.30  5.39  2.33  18.39  1.78
3.40  5.71  2.38  25.22  1.81
3.50  6.00  2.42  31.74  1.83
3.60  6.12  2.52  24.95  1.91
3.70  6.59  2.53  47.35  1.89
3.80  6.70  2.61  43.30  1.96
3.90  6.99  2.66  57.02  1.99
4.00  7.24  2.73  58.40  2.04
